Date,Swap Value,Swaption Value,Swap PnL,Swaption PnL,Hedged PnL,Unhedged Value,Hedged Value
20110701,-1.22534,46.521,,,,,
20110702,-1.23062,46.5089,-0.00528,-0.0121,-0.00946,-0.0121,-0.00946
20110703,-1.23487,46.5234,-0.00425,0.0145,0.016625,0.0024,0.007165
20110704,-1.39275,46.2425,-0.15788,-0.2809,-0.20196,-0.2785,-0.194795
20110705,-2.15088,46.5833,-0.75813,0.3408,0.719865,0.0623,0.52507
20110706,-1.62619,46.779,0.52469,0.1957,-0.066645,0.258,0.458425
20110707,-1.8032,46.7561,-0.17701,-0.0229,0.065605,0.2351,0.52403
20110708,-4.60446,45.6687,-2.80126,-1.0874,0.31323,-0.8523,0.83726
20110709,-4.61079,45.6563,-0.00633,-0.0124,-0.009235,-0.8647,0.828025
20110710,-4.61703,45.6704,-0.00624,0.0141,0.01722,-0.8506,0.845245
20110711,-9.39518,44.2359,-4.77815,-1.4345,0.954575,-2.2851,1.79982
20110712,-12.148,43.2911,-2.75282,-0.9448,0.43161,-3.2299,2.23143
20110713,-11.8729,43.5001,0.2751,0.209,0.07145,-3.0209,2.30288
20110714,-8.25709,45.5991,3.61581,2.099,0.291095,-0.9219,2.593975
20110715,-10.1327,44.9295,-1.87561,-0.6696,0.268205,-1.5915,2.86218
20110716,-10.1422,44.9145,-0.0095,-0.015,-0.01025,-1.6065,2.85193
20110717,-10.1517,44.9256,-0.0095,0.0111,0.01585,-1.5954,2.86778
20110718,-9.31048,46.7432,0.84122,1.8176,1.39699,0.2222,4.26477
20110719,-11.9297,47.0244,-2.61922,0.2812,1.59081,0.5034,5.85558
20110720,-9.75529,45.1718,2.17441,-1.8526,-2.939805,-1.3492,2.915775
20110721,-6.39906,46.1441,3.35623,0.9723,-0.705815,-0.3769,2.20996
20110722,-9.0591,45.195,-2.66004,-0.9491,0.38092,-1.326,2.59088
20110723,-9.06778,45.1801,-0.00868,-0.0149,-0.01056,-1.3409,2.58032
20110724,-9.07646,45.1905,-0.00868,0.0104,0.01474,-1.3305,2.59506
20110725,-6.16701,46.1356,2.90945,0.9451,-0.509625,-0.3854,2.085435
20110726,-7.94635,45.5434,-1.77934,-0.5922,0.29747,-0.9776,2.382905
20110727,-7.45848,45.7398,0.48787,0.1964,-0.047535,-0.7812,2.33537
20110728,-8.57028,45.1393,-1.1118,-0.6005,-0.0446,-1.3817,2.29077
20110729,-14.1073,43.6649,-5.53702,-1.4744,1.29411,-2.8561,3.58488
20110730,-14.1168,43.6601,-0.0095,-0.0048,-5E-05,-2.8609,3.58483
20110731,-14.1263,43.6632,-0.0095,0.0031,0.00785,-2.8578,3.59268
20110801,-17.5452,42.2516,-3.4189,-1.4116,0.29785,-4.2694,3.89053
20110802,-26.819,38.6877,-9.2738,-3.5639,1.073,-7.8333,4.96353
20110803,-27.5355,38.6501,-0.7165,-0.0376,0.32065,-7.8709,5.28418
20110804,-38.4166,33.9295,-10.8811,-4.7206,0.71995,-12.5915,6.00413
20110805,-30.0668,36.657,8.3498,2.7275,-1.4474,-9.864,4.55673
20110806,-30.0798,36.6379,-0.013,-0.0191,-0.0126,-9.8831,4.54413
20110807,-30.0927,36.6458,-0.0129,0.0079,0.01435,-9.8752,4.55848
20110808,-43.1406,33.2065,-13.0479,-3.4393,3.08465,-13.3145,7.64313
20110809,-44.8941,30.7386,-1.7535,-2.4679,-1.59115,-15.7824,6.05198
20110810,-54.8687,28.4532,-9.9746,-2.2854,2.7019,-18.0678,8.75388
20110811,-38.8209,33.1356,16.0478,4.6824,-3.3415,-13.3854,5.41238
20110812,-44.4412,31.9096,-5.6203,-1.226,1.58415,-14.6114,6.99653
20110813,-44.459,31.8896,-0.0178,-0.02,-0.0111,-14.6314,6.98543
20110814,-44.4757,31.8952,-0.0167,0.0056,0.01395,-14.6258,6.99938
20110815,-41.8699,31.9073,2.6058,0.0121,-1.2908,-14.6137,5.70858
20110816,-49.3322,29.4434,-7.4623,-2.4639,1.26725,-17.0776,6.97583
20110817,-56.0156,27.4312,-6.6834,-2.0122,1.3295,-19.0898,8.30533
20110818,-65.7255,25.1698,-9.7099,-2.2614,2.59355,-21.3512,10.89888
20110819,-66.6487,24.5519,-0.9232,-0.6179,-0.1563,-21.9691,10.74258
20110820,-66.6692,24.53,-0.0205,-0.0219,-0.01165,-21.991,10.73093
20110821,-66.6896,24.5318,-0.0204,0.0018,0.012,-21.9892,10.74293
20110822,-63.6946,25.9373,2.995,1.4055,-0.092,-20.5837,10.65093
20110823,-60.337,26.5777,3.3576,0.6404,-1.0384,-19.9433,9.61253
20110824,-47.4295,30.3368,12.9075,3.7591,-2.69465,-16.1842,6.91788
20110825,-50.7461,29.2474,-3.3166,-1.0894,0.5689,-17.2736,7.48678
20110826,-53.9649,28.5561,-3.2188,-0.6913,0.9181,-17.9649,8.40488
20110827,-53.9806,28.5331,-0.0157,-0.023,-0.01515,-17.9879,8.38973
20110828,-53.9963,28.5389,-0.0157,0.0058,0.01365,-17.9821,8.40338
20110829,-50.592,29.0896,3.4043,0.5507,-1.15145,-17.4314,7.25193
20110830,-54.5685,27.9158,-3.9765,-1.1738,0.81445,-18.6052,8.06638
20110831,-49.7643,29.4639,4.8042,1.5481,-0.854,-17.0571,7.21238
20110901,-55.1718,27.7694,-5.4075,-1.6945,1.00925,-18.7516,8.22163
20110902,-67.5233,24.1508,-12.3515,-3.6186,2.55715,-22.3702,10.77878
20110903,-67.5428,24.1304,-0.0195,-0.0204,-0.01065,-22.3906,10.76813
20110904,-67.5623,24.1339,-0.0195,0.0035,0.01325,-22.3871,10.78138
20110905,-67.3205,24.6447,0.2418,0.5108,0.3899,-21.8763,11.17128
20110906,-69.2041,24.5487,-1.8836,-0.096,0.8458,-21.9723,12.01708
20110907,-64.1576,25.581,5.0465,1.0323,-1.49095,-20.94,10.52613
20110908,-69.105,24.2086,-4.9474,-1.3724,1.1013,-22.3124,11.62743
20110909,-71.2413,23.7625,-2.1363,-0.4461,0.62205,-22.7585,12.24948
20110910,-71.2613,23.7416,-0.02,-0.0209,-0.0109,-22.7794,12.23858
20110911,-71.2812,23.7455,-0.0199,0.0039,0.01385,-22.7755,12.25243
20110912,-71.4317,23.6523,-0.1505,-0.0932,-0.01795,-22.8687,12.23448
20110913,-67.8073,24.2682,3.6244,0.6159,-1.1963,-22.2528,11.03818
20110914,-70.0054,24.114,-2.1981,-0.1542,0.94485,-22.407,11.98303
20110915,-64.0205,25.4029,5.9849,1.2889,-1.70355,-21.1181,10.27948
20110916,-66.4497,24.8855,-2.4292,-0.5174,0.6972,-21.6355,10.97668
20110917,-66.4671,24.8685,-0.0174,-0.017,-0.0083,-21.6525,10.96838
20110918,-66.4846,24.8735,-0.0175,0.005,0.01375,-21.6475,10.98213
20110919,-66.502,26.4812,-0.0174,1.6077,1.6164,-20.0398,12.59853
20110920,-73.2426,23.4669,-6.7406,-3.0143,0.356,-23.0541,12.95453
20110921,-82.2874,21.4962,-9.0448,-1.9707,2.5517,-25.0248,15.50623
20110922,-98.3515,18.3999,-16.0641,-3.0963,4.93575,-28.1211,20.44198
20110923,-91.1393,19.0876,7.2122,0.6877,-2.9184,-27.4334,17.52358
20110924,-91.1558,19.0637,-0.0165,-0.0239,-0.01565,-27.4573,17.50793
20110925,-91.1723,19.0672,-0.0165,0.0035,0.01175,-27.4538,17.51968
20110926,-84.7019,21.3528,6.4704,2.2856,-0.9496,-25.1682,16.57008
20110927,-79.9549,21.2949,4.747,-0.0579,-2.4314,-25.2261,14.13868
20110928,-80.1275,21.0797,-0.1726,-0.2152,-0.1289,-25.4413,14.00978
20110929,-80.5237,20.9145,-0.3962,-0.1652,0.0329,-25.6065,14.04268
20110930,-88.2578,18.6979,-7.7341,-2.2166,1.65045,-27.8231,15.69313
20111001,-88.2712,18.6789,-0.0134,-0.019,-0.0123,-27.8421,15.68083
20111002,-88.2846,18.6845,-0.0134,0.0056,0.0123,-27.8365,15.69313
20111003,-100.322,15.3422,-12.0374,-3.3423,2.6764,-31.1788,18.36953
20111004,-94.8065,17.5587,5.5155,2.2165,-0.54125,-28.9623,17.82828
20111005,-90.5528,18.2418,4.2537,0.6831,-1.44375,-28.2792,16.38453
20111006,-85.1294,19.328,5.4234,1.0862,-1.6255,-27.193,14.75903
20111007,-81.2994,19.9877,3.83,0.6597,-1.2553,-26.5333,13.50373
20111008,-81.3099,19.9757,-0.0105,-0.012,-0.00675,-26.5453,13.49698
20111009,-81.3203,19.9835,-0.0104,0.0078,0.013,-26.5375,13.50998
20111010,-81.7777,19.6203,-0.4574,-0.3632,-0.1345,-26.9007,13.37548
20111011,-76.6609,20.8233,5.1168,1.203,-1.3554,-25.6977,12.02008
20111012,-71.5779,22.686,5.083,1.8627,-0.6788,-23.835,11.34128
20111013,-72.052,22.732,-0.4741,0.046,0.28305,-23.789,11.62433
20111014,-64.7873,24.4782,7.2647,1.7462,-1.88615,-22.0428,9.73818
20111015,-64.7955,24.4624,-0.0082,-0.0158,-0.0117,-22.0586,9.72648
20111016,-64.8038,24.4706,-0.0083,0.0082,0.01235,-22.0504,9.73883
20111017,-71.5654,23.108,-6.7616,-1.3626,2.0182,-23.413,11.75703
20111018,-68.9819,24.233,2.5835,1.125,-0.16675,-22.288,11.59028
20111019,-69.3944,24.0901,-0.4125,-0.1429,0.06335,-22.4309,11.65363
20111020,-67.1564,24.1348,2.238,0.0447,-1.0743,-22.3862,10.57933
20111021,-63.8196,24.9621,3.3368,0.8273,-0.8411,-21.5589,9.73823
20111022,-63.8295,24.946,-0.0099,-0.0161,-0.01115,-21.575,9.72708
20111023,-63.8393,24.953,-0.0098,0.007,0.0119,-21.568,9.73898
20111024,-63.2188,25.0804,0.6205,0.1274,-0.18285,-21.4406,9.55613
20111025,-71.2296,22.7989,-8.0108,-2.2815,1.7239,-23.7221,11.28003
20111026,-65.1174,24.5759,6.1122,1.777,-1.2791,-21.9451,10.00093
20111027,-52.1131,28.1917,13.0043,3.6158,-2.88635,-18.3293,7.11458
20111028,-57.6965,26.3747,-5.5834,-1.817,0.9747,-20.1463,8.08928
20111029,-57.7062,26.3587,-0.0097,-0.016,-0.01115,-20.1623,8.07813
20111030,-57.7159,26.3612,-0.0097,0.0025,0.00735,-20.1598,8.08548
20111031,-70.4908,23.393,-12.7749,-2.9682,3.41925,-23.128,11.50473
20111101,-81.2667,21.8321,-10.7759,-1.5609,3.82705,-24.6889,15.33178
20111102,-79.713,21.7956,1.5537,-0.0365,-0.81335,-24.7254,14.51843
20111103,-72.2394,23.3532,7.4736,1.5576,-2.1792,-23.1678,12.33923
20111104,-74.8971,22.8879,-2.6577,-0.4653,0.86355,-23.6331,13.20278
20111105,-74.9094,22.8703,-0.0123,-0.0176,-0.01145,-23.6507,13.19133
20111106,-74.9217,22.8756,-0.0123,0.0053,0.01145,-23.6454,13.20278
20111107,-75.8982,23.0276,-0.9765,0.152,0.64025,-23.4934,13.84303
20111108,-72.8943,23.3136,3.0039,0.286,-1.21595,-23.2074,12.62708
20111109,-81.3908,21.2498,-8.4965,-2.0638,2.18445,-25.2712,14.81153
20111110,-77.0083,22.2951,4.3825,1.0453,-1.14595,-24.2259,13.66558
20111111,-78.2989,21.4812,-1.2906,-0.8139,-0.1686,-25.0398,13.49698
20111112,-78.3133,21.4633,-0.0144,-0.0179,-0.0107,-25.0577,13.48628
20111113,-78.3278,21.4658,-0.0145,0.0025,0.00975,-25.0552,13.49603
20111114,-77.0045,22.4234,1.3233,0.9576,0.29595,-24.0976,13.79198
20111115,-77.8863,21.0477,-0.8818,-1.3757,-0.9348,-25.4733,12.85718
20111116,-81.2534,21.0236,-3.3671,-0.0241,1.65945,-25.4974,14.51663
20111117,-86.6167,19.8558,-5.3633,-1.1678,1.51385,-26.6652,16.03048
20111118,-86.0506,19.9916,0.5661,0.1358,-0.14725,-26.5294,15.88323
20111119,-86.063,19.9747,-0.0124,-0.0169,-0.0107,-26.5463,15.87253
20111120,-86.0754,19.9781,-0.0124,0.0034,0.0096,-26.5429,15.88213
20111121,-90.0911,19.2758,-4.0157,-0.7023,1.30555,-27.2452,17.18768
20111122,-93.4625,18.3534,-3.3714,-0.9224,0.7633,-28.1676,17.95098
20111123,-96.1169,17.7547,-2.6544,-0.5987,0.7285,-28.7663,18.67948
20111124,-96.2871,17.9537,-0.1702,0.199,0.2841,-28.5673,18.96358
20111125,-91.2168,19.2094,5.0703,1.2557,-1.27945,-27.3116,17.68413
20111126,-91.2282,19.1949,-0.0114,-0.0145,-0.0088,-27.3261,17.67533
20111127,-91.2396,19.2002,-0.0114,0.0053,0.011,-27.3208,17.68633
20111128,-90.4066,18.9281,0.833,-0.2721,-0.6886,-27.5929,16.99773
20111129,-88.6505,19.5245,1.7561,0.5964,-0.28165,-26.9965,16.71608
20111130,-81.9315,20.9795,6.719,1.455,-1.9045,-25.5415,14.81158
20111201,-80.1595,20.787,1.772,-0.1925,-1.0785,-25.734,13.73308
20111202,-82.7746,20.1964,-2.6151,-0.5906,0.71695,-26.3246,14.45003
20111203,-82.7852,20.1818,-0.0106,-0.0146,-0.0093,-26.3392,14.44073
20111204,-82.7958,20.1852,-0.0106,0.0034,0.0087,-26.3358,14.44943
20111205,-84.5422,19.7379,-1.7464,-0.4473,0.4259,-26.7831,14.87533
20111206,-80.0288,20.6495,4.5134,0.9116,-1.3451,-25.8715,13.53023
20111207,-83.8192,19.8294,-3.7904,-0.8201,1.0751,-26.6916,14.60533
20111208,-87.0633,19.2547,-3.2441,-0.5747,1.04735,-27.2663,15.65268
20111209,-79.9135,21.5797,7.1498,2.325,-1.2499,-24.9413,14.40278
20111210,-79.9259,21.563,-0.0124,-0.0167,-0.0105,-24.958,14.39228
20111211,-79.9381,21.5652,-0.0122,0.0022,0.0083,-24.9558,14.40058
20111212,-83.0883,20.4341,-3.1502,-1.1311,0.444,-26.0869,14.84458
20111213,-87.9273,19.1511,-4.839,-1.283,1.1365,-27.3699,15.98108
20111214,-95.1985,17.4159,-7.2712,-1.7352,1.9004,-29.1051,17.88148
20111215,-93.1802,17.4881,2.0183,0.0722,-0.93695,-29.0329,16.94453
20111216,-96.2847,15.9603,-3.1045,-1.5278,0.02445,-30.5607,16.96898
20111217,-96.2998,15.9465,-0.0151,-0.0138,-0.00625,-30.5745,16.96273
20111218,-96.3144,15.9483,-0.0146,0.0018,0.0091,-30.5727,16.97183
20111219,-91.9612,19.4611,4.3532,3.5128,1.3362,-27.0599,18.30803
20111220,-91.975,17.4651,-0.0138,-1.996,-1.9891,-29.0559,16.31893
20111221,-88.8068,18.5488,3.1682,1.0837,-0.5004,-27.9722,15.81853
20111222,-90.6092,18.0057,-1.8024,-0.5431,0.3581,-28.5153,16.17663
20111223,-84.9146,19.6289,5.6946,1.6232,-1.2241,-26.8921,14.95253
20111224,-84.9285,19.606,-0.0139,-0.0229,-0.01595,-26.915,14.93658
20111225,-84.9423,19.6064,-0.0138,0.0004,0.0073,-26.9146,14.94388
20111226,-84.8536,19.3215,0.0887,-0.2849,-0.32925,-27.1995,14.61463
20111227,-87.4605,19.036,-2.6069,-0.2855,1.01795,-27.485,15.63258
20111228,-94.491,17.6258,-7.0305,-1.4102,2.10505,-28.8952,17.73763
20111229,-94.7811,17.5003,-0.2901,-0.1255,0.01955,-29.0207,17.75718
20111230,-95.8433,17.0663,-1.0622,-0.434,0.0971,-29.4547,17.85428
20111231,-95.8582,17.055,-0.0149,-0.0113,-0.00385,-29.466,17.85043
